,Unnamed: 0,Unnamed: 1,Unnamed: 2,Unnamed: 3,Unnamed: 4,Unnamed: 5,Unnamed: 6,Unnamed: 7,Unnamed: 8,Unnamed: 9,Unnamed: 10,Unnamed: 11,Unnamed: 12,Unnamed: 13,Unnamed: 14,Unnamed: 15,Unnamed: 16,Unnamed: 17,Unnamed: 18,Unnamed: 19,Unnamed: 20,Unnamed: 21,Unnamed: 22,Unnamed: 23,Unnamed: 24,Unnamed: 25,Unnamed: 26,Unnamed: 27
0,Country,Crisis,Crisis ID,Trend,2019-01-01 00:00:00,2019-02-01 00:00:00,2019-03-01 00:00:00,2019-04-01 00:00:00,2019-05-01 00:00:00,2019-06-01 00:00:00,2019-07-01 00:00:00,2019-08-01 00:00:00,2019-09-01 00:00:00,2019-10-01 00:00:00,2019-11-01 00:00:00,2019-12-01 00:00:00,2020-01-01 00:00:00,2020-02-01 00:00:00,2020-03-01 00:00:00,2020-04-01 00:00:00,2020-05-01 00:00:00,2020-06-01 00:00:00,2020-07-01 00:00:00,2020-08-01 00:00:00,2020-09-01 00:00:00,2020-10-01 00:00:00,2020-11-01 00:00:00,2020-12-01 00:00:00
1,Afghanistan,Complex crisis in Afghanistan,AFG001,Increasing,-,4.4,4.4,4.5,4.5,4.5,4.5,4.5,4.5,4.4,4.4,4.4,4.4,4.4,4.5,4.5,4.5,4.5,4.5,4.5,4.6,4.6,-,-
2,Afghanistan,Conflict in Afghanistan,AFG002,-,4.1,4.2,-,-,-,-,-,-,-,-,-,-,-,-,-,-,-,-,-,-,-,-,-,-
3,Afghanistan,Drought in Afghanistan,AFG003,-,3.9,3.9,-,-,-,-,-,-,-,-,-,-,-,-,-,-,-,-,-,-,-,-,-,-
4,Afghanistan,Floods in Afghanistan,AFG004,-,-,-,2.5,2.2,2.2,-,-,-,-,-,-,-,-,-,-,-,-,-,-,-,-,-,-,-
5,Angola,,AGO001,-,-,-,-,-,-,-,-,-,-,-,-,-,-,-,-,-,-,-,-,-,-,-,-,-
6,Albania,,ALB001,-,-,-,-,-,-,-,-,-,-,-,-,-,-,-,-,-,-,-,-,-,-,-,-,-
7,Argentina,,ARG001,-,-,-,-,-,-,-,-,-,-,-,-,-,-,-,-,-,-,-,-,-,-,-,-,-
8,Argentina,Venezuela displacement in Argentina,ARG002,-,-,0.9,0.9,-,-,-,-,-,-,-,-,-,-,-,-,-,-,-,-,-,-,-,-,-
9,Armenia,,ARM001,-,-,-,-,-,-,-,-,-,-,-,-,-,-,-,-,-,-,-,-,-,-,-,-,-
10,Armenia,Nagorno-Karabakh Conflict in Armenia,ARM002,-,-,-,-,-,-,-,-,-,-,-,-,-,-,-,-,-,-,-,-,-,-,x,-,-
11,Antigua and Barbuda,,ATG001,-,-,-,-,-,-,-,-,-,-,-,-,-,-,-,-,-,-,-,-,-,-,-,-,-
12,Azerbaijan,,AZE001,-,-,-,-,-,-,-,-,-,-,-,-,-,-,-,-,-,-,-,-,-,-,-,-,-
13,Azerbaijan,Nagorno-Karabakh conflict in Azerbaijan,AZE002,-,-,-,-,-,-,-,-,-,-,-,-,-,-,-,-,-,-,-,-,-,-,x,-,-
14,Burundi,Complex in Burundi,BDI001,Stable,-,3.5,3.5,3.8,3.8,3.8,3.8,3.8,3.8,3.8,3.8,3.8,3.7,3.7,3.3,3.3,3.3,3.3,3.3,3.3,3.3,3.4,-,-
15,Burundi,Political and economic crisis in Burundi,BDI002,-,-,3.5,3.5,3.8,-,-,-,-,-,-,-,-,-,-,-,-,-,-,-,-,-,-,-,-
16,Burundi,Flooding in Burundi,BDI003,-,-,1.7,1.7,1.9,-,-,-,-,-,-,-,-,-,-,-,-,-,-,-,-,-,-,-,-
17,Benin,,BEN001,-,-,-,-,-,-,-,-,-,-,-,-,-,-,-,-,-,-,-,-,-,-,-,-,-
18,Burkina Faso,,BFA001,-,-,-,-,-,-,-,-,-,-,-,-,-,-,-,-,-,-,-,-,-,-,-,-,-
19,Burkina Faso,Conflict in Burkina Faso,BFA002,Increasing,-,3,3.1,3.2,3.2,3.1,3.2,3.2,3.2,3.2,3.2,3.2,3.4,3.4,3.4,3.4,3.4,3.9,3.9,3.9,3.9,3.8,-,-
20,Burkina Faso,Floods in Burkina Faso,BFA003,-,-,-,-,-,-,-,-,-,-,-,-,-,-,-,-,-,-,-,-,-,2.4,2.3,-,-
21,Burkina Faso,Multiple crises in Burkina Faso,BFA004,-,-,-,-,-,-,-,-,-,-,-,-,-,-,-,-,-,-,-,-,-,-,3.8,-,-
22,Bangladesh,Mutliple crises in Bangladesh,BGD001,Decreasing,-,-,-,-,-,-,-,-,-,-,-,-,-,-,-,-,2.9,3.2,3.2,3.2,2.9,2.9,-,-
23,Bangladesh,Rohingya refugee crisis,BGD002,Stable,-,3.3,3.3,3.1,3.1,3.1,3.1,3.1,3.1,3.2,3.2,3.2,3.2,3.2,3.1,3.1,3.2,3.2,3.2,3.2,3.2,3.2,-,-
24,Bangladesh,Floods in Bangladesh,BGD003,-,-,-,-,-,-,-,-,2.7,-,-,-,-,-,-,-,-,-,-,-,-,2.1,2.1,-,-
25,Bangladesh,Multiple Crises in Bangladesh,BGD004,-,-,-,-,-,-,-,-,3.1,-,-,-,-,-,-,-,-,-,-,-,-,-,-,-,-
26,Bangladesh,Cyclone Bulbul in Bangladesh,BGD005,-,-,-,-,-,-,-,-,-,-,-,x,x,-,-,-,-,-,-,-,-,-,-,-,-
27,Bangladesh,Cyclone Amphan Bangladesh,BGD006,Stable,-,-,-,-,-,-,-,-,-,-,-,-,-,-,-,-,2.4,2.5,2.5,2.5,2.5,2.5,-,-
28,Bangladesh,Floods in Bangladesh,BGD007,-,-,-,-,-,-,-,-,-,-,-,-,-,-,-,-,-,-,-,-,-,-,-,-,-
29,Bulgaria,,BGR001,-,-,-,-,-,-,-,-,-,-,-,-,-,-,-,-,-,-,-,-,-,-,-,-,-
30,Bahrain,,BHR001,-,-,-,-,-,-,-,-,-,-,-,-,-,-,-,-,-,-,-,-,-,-,-,-,-
31,Bahamas,,BHS001,-,-,-,-,-,-,-,-,-,1.7,-,-,-,-,-,-,-,-,-,-,-,-,-,-,-
32,Bahamas,Hurricane Dorian in Bahamas ,BHS002,-,-,-,-,-,-,-,-,-,-,1.7,1.7,1.7,1.7,1.7,1.7,-,-,-,-,-,-,-,-,-
33,Bosnia and Herzegovina,,BIH001,-,-,-,-,-,-,-,-,-,-,-,-,-,-,-,-,-,-,-,-,-,-,-,-,-
34,Bosnia and Herzegovina,Mixed migration flows in Bosnia and Herzegovina,BIH002,-,-,-,-,-,-,-,-,-,-,-,-,-,-,-,-,-,-,-,-,-,-,-,-,-
35,Belarus,,BLR001,-,-,-,-,-,-,-,-,-,-,-,-,-,-,-,-,-,-,-,-,-,-,-,-,-
36,Belize,,BLZ001,-,-,-,-,-,-,-,-,-,-,-,-,-,-,-,-,-,-,-,-,-,-,-,-,-
37,Bolivia,,BOL001,-,-,-,-,-,-,-,-,-,-,-,-,-,-,-,-,-,-,-,-,-,-,-,-,-
38,Brazil,,BRA001,-,-,-,-,-,-,-,-,-,-,-,-,-,-,-,-,-,-,-,-,-,-,-,-,-
39,Brazil,Venezuela displacement in Brazil,BRA002,Increasing,-,1.7,1.7,2.4,2.4,2.4,2.4,2.4,2.4,2.3,2.2,2.2,2.2,2.2,2.2,2.2,2.2,2.2,2.2,2.2,2.3,2.3,-,-
40,Barbados,,BRB001,-,-,-,-,-,-,-,-,-,-,-,-,-,-,-,-,-,-,-,-,-,-,-,-,-
41,Brunei,,BRN001,-,-,-,-,-,-,-,-,-,-,-,-,-,-,-,-,-,-,-,-,-,-,-,-,-
42,Bhutan,,BTN001,-,-,-,-,-,-,-,-,-,-,-,-,-,-,-,-,-,-,-,-,-,-,-,-,-
43,Botswana,,BWA001,-,-,-,-,-,-,-,-,-,-,-,-,-,-,-,-,-,-,-,-,-,-,-,-,-
44,CAR,Complex crisis in CAR,CAF001,Stable,-,4,4,4,4,4,4,4,4,4,3.9,3.9,3.9,3.9,4,4,4,4,4,4,4,4,-,-
45,CAR,Floods in CAR,CAF002,-,-,-,-,-,-,-,-,-,-,-,-,2.3,2.3,2.3,2.3,2.3,2.3,-,-,-,-,-,-,-
46,Chile,,CHL001,-,-,-,-,-,-,-,-,-,-,-,-,-,-,-,-,-,-,-,-,-,-,-,-,-
47,China,,CHN001,-,-,-,-,-,-,-,-,-,-,-,-,-,-,-,-,-,-,-,-,-,-,-,-,-
48,China,Floods in China,CHN002,Increasing,-,-,-,-,-,-,-,-,-,-,-,-,-,-,-,-,-,2.3,2.9,2.9,3,-,-,-
49,Côte d'Ivoire,,CIV001,-,-,-,-,-,-,-,-,-,-,-,-,-,-,-,-,-,-,-,-,-,-,-,-,-
50,Cameroon,Multiple crises in Cameroon,CMR001,Increasing,-,4,4,4.1,4.1,4,4.1,3.9,4,4,4,4,4,3.7,3.6,3.6,3.6,3.6,3.6,3.7,3.7,3.7,-,-
51,Cameroon,Boko Haram in Cameroon,CMR002,Decreasing,-,3.6,3.6,3.8,3.8,3.8,3.8,3.8,3.8,3.7,3.6,3.6,3.6,3,3.6,3.6,3.6,3.6,3.6,3.2,3.2,3.2,-,-
52,Cameroon,Anglophone Crisis in Cameroon,CMR003,Increasing,-,3.2,3.2,3.5,3.5,3.5,3.5,3.6,3.6,3.6,3.6,3.6,3.6,3.3,3,3,3,3,3,3.3,3.3,3.3,-,-
53,Cameroon,CAR refugees in Cameroon,CMR004,Stable,-,3.3,3.3,3.1,3.1,3.1,3.1,2.7,2.8,2.6,2.6,2.6,2.6,1.6,2.6,2.6,2.6,2.6,2.6,2.7,2.6,2.6,-,-
54,DRC,Complex crisis in DRC,COD001,Increasing,-,4.4,4.4,4.4,4.2,4.2,4.2,4.2,4.2,4.2,4.2,4.2,4,4,4.2,4.2,4.2,4.2,4.2,4.2,4.5,4.5,-,-
55,DRC,Floods in DRC,COD002,-,-,-,-,-,-,-,-,-,-,-,-,2.7,2.5,2.5,2.7,2.7,2.7,-,-,-,-,-,-,-
56,DRC,Floods in south-eastern DRC,COD003,Stable,-,-,-,-,-,-,-,-,-,-,-,-,-,-,-,-,-,2.6,2.6,2.6,2.6,2.6,-,-
57,Congo,Multiple crises in Congo,COG001,-,-,-,-,-,-,-,-,-,-,-,-,x,x,x,x,x,x,-,-,-,-,-,-,-
58,Congo,Pool conflict,COG002,Increasing,-,2.5,2.5,2.4,2.4,2.4,2.4,2.4,2.4,x,1.7,1.8,1.8,1.8,1.8,1.8,1.8,1.8,1.7,1.7,2.3,-,-,-
59,Congo,Floods in Congo,COG003,-,-,-,-,-,-,-,-,-,-,-,-,x,x,x,x,x,x,-,-,-,-,-,-,-
60,Congo,Floods in Congo,COG004,-,-,-,-,-,-,-,-,-,-,-,-,-,-,-,-,-,-,-,-,-,-,2,-,-
61,Cook islands,,COK001,-,-,-,-,-,-,-,-,-,-,-,-,-,-,-,-,-,-,-,-,-,-,-,-,-
62,Colombia,Complex crisis in Colombia,COL001,Stable,-,3.9,3.9,4,4,4,4,4,4,4,4,4,4,4,4,4.2,4.2,4.2,4.2,4.2,4.2,4.2,-,-
63,Colombia,Venezuela displacement in Colombia,COL002,Stable,-,3.5,3.5,3.3,3.3,3.3,3.3,3.3,3.3,3.3,3.3,3.3,3.4,3.4,3.4,3.4,3.4,3.4,3.4,3.4,3.4,3.4,-,-
64,Comoros,,COM001,-,-,-,-,-,-,-,-,-,-,-,-,-,-,-,-,-,-,-,-,-,-,-,-,-
65,Comoros,Tropical Cyclone Kenneth in Comoros,COM002,-,-,-,-,2,2,2,-,-,-,-,-,-,-,-,-,-,-,-,-,-,-,-,-,-
66,Cape Verde,,CPV001,-,-,-,-,-,-,-,-,-,-,-,-,-,-,-,-,-,-,-,-,-,-,-,-,-
67,Costa Rica,,CRI001,-,-,-,-,-,-,-,-,-,-,-,-,-,-,-,-,-,-,-,-,-,-,-,-,-
68,Costa Rica,Nicaraguan refugees in Costa Rica,CRI002,Increasing,-,-,-,0.8,0.8,0.8,0.8,0.8,0.8,0.8,1.3,1.3,1.2,1.2,1,1,1,1,1,1,1.1,1.1,-,-
69,Cuba,,CUB001,-,-,-,-,-,-,-,-,-,-,-,-,-,-,-,-,-,-,-,-,-,-,-,-,-
70,Cyprus,,CYP001,-,-,-,-,-,-,-,-,-,-,-,-,-,-,-,-,-,-,-,-,-,-,-,-,-
71,Djibouti,Multiple crises in Djibouti,DJI001,Stable,-,2.6,2.9,2.9,-,-,-,-,-,-,-,2.9,2.9,2.9,2.9,2.9,2.9,2.9,2.9,2.9,2.9,2.9,-,-
72,Djibouti,Mixed migration in Djibouti,DJI002,Increasing,-,1.5,1.5,1.7,1.7,1.7,1.7,1.4,1.4,1.4,1.4,1.4,1.4,1.4,1.4,1.4,1.4,1.4,1.4,1.4,1.5,1.5,-,-
73,Djibouti,Drought in Djibouti,DJI003,Increasing,-,2.6,2.8,2.8,2.9,2.8,2.8,2.7,2.7,2.8,2.8,2.8,2.8,2.8,2.8,2.8,2.8,2.8,2.8,2.8,2.9,2.9,-,-
74,Djibouti,Floods in Djibouti,DJI004,-,-,-,-,-,-,-,-,-,-,-,-,2.3,2.3,2.3,2.3,2.3,2.3,2.3,2.3,-,-,-,-,-
75,Dominica,,DMA001,-,-,-,-,-,-,-,-,-,-,-,-,-,-,-,-,-,-,-,-,-,-,-,-,-
76,Dominican Republic,,DOM001,-,-,-,-,-,-,-,-,-,-,-,-,-,-,-,-,-,-,-,-,-,-,-,-,-
77,Algeria,Multiple crises in Algeria,DZA001,-,-,2.4,2.4,1.9,-,-,-,-,-,-,-,-,-,-,-,-,-,-,-,-,-,-,-,-
78,Algeria,Mixed migration flows in Algeria,DZA002,-,-,x,x,x,x,x,x,x,x,x,x,x,x,x,x,x,x,x,x,x,x,x,-,-
79,Algeria,Sahrawi refugees in Algeria,DZA003,Stable,-,2.2,2.2,1.6,1.6,1.6,1.6,1.6,1.6,1.6,2.2,2.2,2.2,2.2,2.2,2.2,2.2,2.2,2.2,2.2,2.2,2.2,-,-
80,Algeria,Multiple crises in Algeria,DZA004,-,-,-,-,-,-,-,-,-,-,-,-,-,-,-,-,-,-,x,x,x,x,x,-,-
81,Ecuador,,ECU001,-,-,-,-,-,-,-,-,-,-,-,-,-,-,-,-,-,-,-,-,-,-,-,-,-
82,Ecuador,Venezuela displacement in Ecuador,ECU002,Stable,-,2.1,2.1,2.3,2.3,2.4,2.3,2.3,2.3,2.3,2.3,2.3,2.4,2.4,2.5,2.4,2.4,2.4,2.4,2.4,2.4,2.4,-,-
83,Egypt,,EGY001,-,-,-,-,-,-,-,-,-,-,-,-,-,-,-,-,-,-,-,-,-,-,-,-,-
84,Egypt,Syrian Refugee Crisis in Egypt,EGY002,Stable,-,-,-,1.7,1.7,1.7,1.7,1.7,1.7,1.7,1.7,1.7,1.7,1.7,1.7,2.1,2.1,2.2,2.2,2.2,2.2,2.2,-,-
85,Eritrea,Complex crisis in Eritrea,ERI001,Stable,-,-,-,3.8,3.8,3.8,3.8,3.8,3.8,3.8,3.8,3.8,3.8,3.8,3.8,3.8,3.8,3.8,3.8,3.8,3.8,3.7,-,-
86,Eritrea,Mixed Migration Flows in Eritrea,ERI002,-,-,-,-,-,-,-,-,-,-,-,-,-,-,-,-,-,-,-,-,-,-,-,-,-
87,Western Sahara,,ESH001,-,-,-,-,-,-,-,-,-,-,-,-,-,-,-,-,-,-,-,-,-,-,-,-,-
88,Spain,,ESP001,-,-,-,-,-,-,-,-,-,-,-,-,-,-,-,-,-,-,-,-,-,-,-,-,-
89,Spain,Mixed migration flows in Spain,ESP002,-,-,1.2,1.2,-,-,-,-,-,-,-,-,-,-,-,-,-,-,-,-,-,-,-,-,-
90,Ethiopia,Complex crisis in Ethiopia,ETH001,Stable,-,-,3.8,3.8,3.8,3.8,3.8,3.8,3.8,3.8,3.8,3.8,3.8,3.8,3.8,4,4,4,4,4,4,4,-,-
91,Ethiopia,Flood Crisis in Ethiopia,ETH002,Stable,-,-,-,-,-,-,-,-,-,-,-,-,-,-,-,-,-,2.4,2.4,2.4,2.4,2.4,-,-
92,Ethiopia,International Displacement,ETH003,Stable,-,-,-,-,-,-,-,-,-,-,-,-,-,-,-,-,-,2.8,2.8,2.8,2.8,2.8,-,-
93,Fiji,,FJI001,-,-,-,-,-,-,-,-,-,-,-,-,-,-,-,-,-,-,-,-,-,-,-,-,-
94,Micronesia,,FSM001,-,-,-,-,-,-,-,-,-,-,-,-,-,-,-,-,-,-,-,-,-,-,-,-,-
95,Gabon,,GAB001,-,-,-,-,-,-,-,-,-,-,-,-,-,-,-,-,-,-,-,-,-,-,-,-,-
96,Georgia,,GEO001,-,-,-,-,-,-,-,-,-,-,-,-,-,-,-,-,-,-,-,-,-,-,-,-,-
97,Ghana,,GHA001,-,-,-,-,-,-,-,-,-,-,-,-,-,-,-,-,-,-,-,-,-,-,-,-,-
98,Guinea,,GIN001,-,-,-,-,-,-,-,-,-,-,-,-,-,-,-,-,-,-,-,-,-,-,-,-,-
99,Gambia,,GMB001,-,-,-,-,-,-,-,-,-,-,-,-,-,-,-,-,-,-,-,-,-,-,-,-,-
100,Guinea-Bissau,,GNB001,-,-,-,-,-,-,-,-,-,-,-,-,-,-,-,-,-,-,-,-,-,-,-,-,-
101,Equatorial Guinea,,GNQ001,-,-,-,-,-,-,-,-,-,-,-,-,-,-,-,-,-,-,-,-,-,-,-,-,-
102,Greece,,GRC001,-,-,-,-,-,-,-,-,-,-,-,-,-,-,-,-,-,-,-,-,-,-,-,-,-
103,Greece,Mixed migration flows in Greece,GRC002,Decreasing,-,1,1,1.7,1.5,1.5,1.8,1.8,1.8,1.9,1.9,1.9,1.9,2,2,1.9,2.1,2.1,2.1,1.8,1.8,1.8,-,-
104,Grenada,,GRD001,-,-,-,-,-,-,-,-,-,-,-,-,-,-,-,-,-,-,-,-,-,-,-,-,-
105,Guatemala,Complex crisis in Guatemala,GTM001,Stable,-,3.4,3.4,4,3.7,3.5,3.5,3.5,3.5,3.5,3.5,3.5,3.3,3.3,3.3,3.4,3.4,3.4,3.4,3.4,3.4,3.4,-,-
106,Guatemala,Drought in Guatemala,GTM002,-,-,-,-,-,-,-,-,-,-,-,-,-,-,-,-,-,-,-,-,-,-,-,-,-
107,Guyana,,GUY001,-,-,-,-,-,-,-,-,-,-,-,-,-,-,-,-,-,-,-,-,-,-,-,-,-
108,Honduras,Complex crisis in Honduras,HND001,Decreasing,-,2.8,2.8,2.8,2.8,2.8,2.8,2.8,2.8,2.8,2.8,3.2,3.2,3.2,3.2,3.3,3.3,3.3,3.3,3.3,3.2,3.2,-,-
109,Haiti,Complex crisis in Haiti,HTI001,Stable,3.4,2.9,2.9,3.2,3.2,3.3,3.3,3.3,3.3,3.3,3.4,3.4,3.4,3.4,3.5,3.5,3.5,3.5,3.5,3.5,3.5,3.5,-,-
110,Hungary,,HUN001,-,-,-,-,-,-,-,-,-,-,-,-,-,-,-,-,-,-,-,-,-,-,-,-,-
111,Indonesia,Complex Crisis in Indonesia ,IDN001,-,-,-,-,-,-,2.8,2.1,2.1,2.1,2.1,2.1,2.1,1.9,1.9,2.2,2.2,-,-,-,-,-,-,-,-
112,Indonesia,Papua Conflict,IDN002,-,-,-,-,-,-,-,2.2,2.2,2.2,2.2,2.2,2.2,x,x,x,x,x,x,x,x,x,x,-,-
113,Indonesia,Sunda Strait Tsunami,IDN003,-,-,-,-,-,-,-,1.2,1.2,1.4,1.3,1.3,1.3,-,-,-,-,-,-,-,-,-,-,-,-
114,Indonesia,Ambon Earthquake ,IDN004,-,-,-,-,-,-,-,-,-,-,-,-,-,-,-,-,-,-,-,-,-,-,-,-,-
115,Indonesia,Jakarta Floods,IDN005,-,-,-,-,-,-,-,-,-,-,-,-,-,1.4,1.4,1.7,1.7,-,-,-,-,-,-,-,-
116,India,Multiple Crises in India,IND001,Increasing,-,-,-,-,-,-,-,-,-,-,-,-,-,-,-,-,2.4,2.4,3,2.9,2.5,2.6,-,-
117,India,Conflict in Jammu and Kashmir,IND002,-,-,-,x,x,x,x,x,x,x,x,x,x,x,x,x,x,x,x,x,x,x,x,-,-
118,India,Cyclone Amphan India,IND003,Stable,-,-,-,-,-,-,-,-,-,-,-,-,-,-,-,-,2.4,2.4,2.2,2.2,2.3,2.3,-,-
119,India,Floods in Assam,IND004,Decreasing,-,-,-,-,-,-,-,-,-,-,-,-,-,-,-,-,-,-,2.9,2.7,-,-,-,-
120,India,Floods in India,IND005,-,-,-,-,-,-,-,-,-,-,-,-,-,-,-,-,-,-,-,-,-,2.6,2.6,-,-
121,Iran,,IRN001,-,-,-,-,-,-,-,-,-,-,-,-,-,-,-,-,-,-,-,-,-,-,-,-,-
122,Iran,Iran Floods,IRN002,-,-,-,-,3.2,3.1,3.1,3.1,-,-,-,-,-,-,-,-,-,-,-,-,-,-,-,-,-
123,Iran,Floods in Sistan - Baluchestan ,IRN003,-,-,-,-,-,-,-,-,-,-,-,-,-,1.8,1.8,-,-,-,-,-,-,-,-,-,-
124,Iran,Afghan Refugees in Iran,IRN004,Stable,-,-,-,-,-,-,-,-,-,-,-,-,-,-,3.4,3.4,3.4,3.4,3.4,3.4,3.4,3.4,-,-
125,Iraq,Multiple crises in Iraq,IRQ001,Stable,-,4.3,4.3,4.2,4.2,4.3,4.3,4.3,4.3,4.2,4.3,4.2,4.2,4.2,4.2,3.9,3.9,3.9,3.9,3.9,3.9,3.9,-,-
126,Iraq,Conflict  in Iraq,IRQ002,Stable,-,4.4,4.3,4.2,4.2,4.3,4.3,4.3,4.3,4.2,4.3,4.1,4.1,4.1,4,4,4,4,4,4,4,4,-,-
127,Iraq,Syrian and Palestinian refugees in iraq,IRQ003,Decreasing,-,3,2.8,3.2,3.1,3.2,3.2,3.2,3.2,3,2.9,2.9,2.9,2.9,2.9,2.9,2.9,2.9,2.9,2.9,2.8,2.8,-,-
128,Italy,,ITA001,-,-,-,-,-,-,-,-,-,-,-,-,-,-,-,-,-,-,-,-,-,-,-,-,-
129,Italy,Mixed migration flows in Italy,ITA002,-,-,1.3,1.3,-,-,-,-,-,-,-,-,-,-,-,-,-,-,-,-,-,-,-,-,-
130,Jamaica,,JAM001,-,-,-,-,-,-,-,-,-,-,-,-,-,-,-,-,-,-,-,-,-,-,-,-,-
131,Jordan,Refugee situation in Jordan,JOR001,-,-,-,-,2.7,-,-,-,-,-,-,-,-,-,-,-,-,-,-,-,-,-,-,-,-
132,Jordan,Syrian refugees in Jordan,JOR002,Increasing,-,-,-,2.5,2.6,2.6,2.6,2.6,2.6,2.5,2.5,2.5,2.5,2.5,2.5,2.5,2.5,2.5,2.5,2.5,2.6,2.6,-,-
133,Jordan,Palestinian refugees in Jordan,JOR003,-,-,-,-,2.5,-,-,-,-,-,-,-,-,-,-,-,-,-,-,-,-,-,-,-,-
134,Kazakhstan,,KAZ001,-,-,-,-,-,-,-,-,-,-,-,-,-,-,-,-,-,-,-,-,-,-,-,-,-
135,Kenya,Multiple crisis in Kenya ,KEN001,Decreasing,-,-,-,-,-,3.1,3.1,3.1,3.4,3.4,3.3,3.3,3.3,3.3,3.3,3.3,3.4,3,3,3,2.9,2.9,-,-
136,Kenya,Refugee situation in Kenya,KEN002,Decreasing,-,2,2,2.8,2.8,2.8,2.8,2.8,2.8,2.9,2.7,2.7,2.7,2.8,2.7,2.7,2.7,2.7,2.7,2.7,2.6,2.6,-,-
137,Kenya,Drought in Kenya,KEN003,Decreasing,-,-,-,-,-,3,3.1,3.1,3.3,3.3,3.2,3.2,3.2,3.2,3.2,3.2,3.3,2.8,2.8,2.8,2.8,2.8,-,-
138,Kenya,Floods in Kenya,KEN004,-,-,-,-,-,-,-,-,-,-,-,x,x,x,x,x,-,-,-,-,-,-,-,-,-
139,Kenya,Flooding and Landslides in Kenya,KEN005,Stable,-,-,-,-,-,-,-,-,-,-,-,-,-,-,-,1.7,2.2,2.2,2.2,2.2,2.2,2.2,-,-
140,Kyrgyzstan,,KGZ001,-,-,-,-,-,-,-,-,-,-,-,-,-,-,-,-,-,-,-,-,-,-,-,-,-
141,Cambodia,,KHM001,-,-,-,-,-,-,-,-,-,-,-,-,-,-,-,-,-,-,-,-,-,-,-,-,-
142,Kiribati,,KIR001,-,-,-,-,-,-,-,-,-,-,-,-,-,-,-,-,-,-,-,-,-,-,-,-,-
143,St. Kitts and Nevis,,KNA001,-,-,-,-,-,-,-,-,-,-,-,-,-,-,-,-,-,-,-,-,-,-,-,-,-
144,Kuwait,,KWT001,-,-,-,-,-,-,-,-,-,-,-,-,-,-,-,-,-,-,-,-,-,-,-,-,-
145,Laos,,LAO001,-,-,-,-,-,-,-,-,-,1.9,-,-,-,-,-,-,-,-,-,-,-,-,-,-,-
146,Laos,Tropical Storm Podul in Laos ,LAO002,-,-,-,-,-,-,-,-,-,-,x,-,-,-,-,-,-,-,-,-,-,-,-,-,-
147,Lebanon,Refugee situation in Lebanon,LBN001,-,-,2.4,2.4,2.9,-,-,-,-,-,-,-,-,-,-,-,-,-,-,-,-,-,-,-,-
148,Lebanon,Syrian refugees in Lebanon,LBN002,Increasing,-,2.4,2.4,2.8,2.8,2.8,2.8,2.8,2.8,2.9,2.9,2.9,2.9,2.9,2.9,2.9,3.2,3.1,3.1,3.2,3.2,3.2,-,-
149,Lebanon,Palestinians in Lebanon,LBN003,-,-,1.4,1.4,2.2,-,-,-,-,-,-,-,-,-,-,-,-,-,-,-,-,-,-,-,-
150,Lebanon,Socioeconomic crisis in Lebanon,LBN004,Increasing,-,-,-,-,-,-,-,-,-,-,-,-,-,-,-,3.3,3.3,3.3,3.3,3.4,3.5,3.5,-,-
151,Lebanon,Explosion in Beirut,LBN005,-,-,-,-,-,-,-,-,-,-,-,-,-,-,-,-,-,-,-,-,3.2,3.2,3.2,-,-
152,Liberia,,LBR001,-,-,-,-,-,-,-,-,-,-,-,-,-,-,-,-,-,-,-,-,-,-,-,-,-
153,Libya,Complex crisis in Libya,LBY001,Decreasing,-,3.9,3.7,3.9,3.9,3.9,3.9,3.9,3.9,3.9,3.9,3.9,3.9,3.9,3.9,4.2,4.2,4.2,4.2,4.2,4.1,4.1,-,-
154,Libya,Mixed migration flows in Libya,LBY002,Stable,-,3.2,3.2,3.5,3.5,3.5,3.5,3.5,3.5,3.5,3.5,3.5,3.5,3.5,3.6,3.1,3.1,3,3,3,3,3,-,-
155,Saint Lucia,,LCA001,-,-,-,-,-,-,-,-,-,-,-,-,-,-,-,-,-,-,-,-,-,-,-,-,-
156,Sri Lanka,,LKA001,-,-,-,-,-,-,-,-,-,-,-,-,-,-,-,-,-,-,-,-,-,-,-,-,-
157,Lesotho,,LSO001,-,-,-,-,-,-,-,-,-,-,-,-,-,-,-,-,-,-,-,-,-,-,-,-,-
158,Lesotho,Drought in Lesotho,LSO002,Decreasing,2.2,2.2,2.1,2.1,2.1,2.1,2.1,2.1,2.1,2.2,2.2,2.2,2.2,2.2,2.4,2.4,2.4,2.4,2.4,2.4,2.1,2.5,-,-
159,Morocco,,MAR001,-,-,-,-,-,-,-,-,-,-,-,-,-,-,-,-,-,-,-,-,-,-,-,-,-
160,Morocco,Mixed migration flows in Morocco,MAR002,-,-,x,x,x,x,x,x,x,x,x,x,x,x,x,x,x,x,x,x,x,x,x,-,-
161,Moldova,,MDA001,-,-,-,-,-,-,-,-,-,-,-,-,-,-,-,-,-,-,-,-,-,-,-,-,-
162,Madagascar,Complex situation in Madagascar,MDG001,-,-,-,-,2.9,2.9,2.8,-,-,-,-,-,-,-,-,-,-,-,-,-,-,-,-,-,-
163,Madagascar,Drought in Madagascar,MDG002,Stable,-,-,-,2.9,2.9,2.9,2.8,2.8,2.6,2.4,2.4,2.4,2.7,2.8,2.7,2.7,2.6,2.6,2.6,2.6,2.6,2.5,-,-
164,Madagascar,Measles in Madagascar,MDG003,-,-,-,-,2.4,2.4,-,-,-,-,-,-,-,-,-,-,-,-,-,-,-,-,-,-,-
165,Madagascar,Floods in Madagascar,MDG004,Stable,-,-,-,-,-,-,-,-,-,-,-,-,1.2,1.3,1.3,1.3,1.3,1.3,1.3,1.3,1.3,1.3,-,-
166,Madagascar,Complex Country Crisis in Madagascar,MDG005,Stable,-,-,-,-,-,-,-,-,-,-,-,-,2.5,2.6,2.5,2.5,2.5,2.6,2.6,2.6,2.6,2.6,-,-
167,Maldives,,MDV001,-,-,-,-,-,-,-,-,-,-,-,-,-,-,-,-,-,-,-,-,-,-,-,-,-
168,Mexico,Multiple crisis in Mexico,MEX001,-,-,-,-,-,-,-,-,-,-,-,x,x,x,x,x,x,x,x,x,x,x,x,-,-
169,Mexico,Criminal Violence in Mexico,MEX002,-,-,-,-,-,-,-,-,-,-,-,x,x,x,x,x,x,x,x,x,x,x,x,-,-
170,Mexico,Mixed Migration in Mexico,MEX003,-,-,-,-,-,-,-,-,-,-,-,x,x,x,x,x,x,x,x,x,x,x,x,-,-
171,Marshall Islands,,MHL001,-,-,-,-,-,-,-,-,-,-,-,-,-,-,-,-,-,-,-,-,-,-,-,-,-
172,Mali,Complex crisis in Mali,MLI001,Stable,3.6,3.8,3.8,3.6,3.6,3.6,3.6,3.7,3.7,3.8,3.8,3.8,3.8,3.8,3.8,3.8,3.8,3.8,3.8,3.8,3.8,3.8,-,-
173,Myanmar,Multiple crises in Myanmar,MMR001,Decreasing,-,3.2,3.2,3.2,3.3,3.3,3.3,3.3,3.3,3.4,3.4,3.4,3.4,3.4,3.6,3.6,3.6,3.6,3.6,3.5,3.5,3.5,-,-
174,Myanmar,Rakhine Conflict,MMR002,Stable,-,3.3,3.3,3.1,3.2,3.2,3.2,3.2,3.2,3.5,3.5,3.4,3.5,3.5,3.5,3.5,3.5,3.5,3.5,3.5,3.5,3.5,-,-
175,Myanmar,Kachin and Shan Conflict,MMR003,Stable,-,2.6,2.6,2.3,2.4,2.3,2.3,2.3,2.3,2.7,2.7,2.7,2.7,2.7,2.6,2.6,2.6,2.6,2.6,2.6,2.6,2.6,-,-
176,Montenegro,,MNE001,-,-,-,-,-,-,-,-,-,-,-,-,-,-,-,-,-,-,-,-,-,-,-,-,-
177,Mongolia,,MNG001,-,-,-,-,-,-,-,-,-,-,-,-,-,-,-,-,-,-,-,-,-,-,-,-,-
178,Mozambique,Complex crisis in Mozambique,MOZ001,Stable,-,-,-,3.8,3.7,3.7,3.2,3.2,3,3.2,3.5,3.5,3.5,3.5,3.2,3.2,3.2,3.2,3,3,3.2,3.2,-,-
179,Mozambique,Drought in Mozambique,MOZ002,-,-,3.3,3.3,3.3,3.3,3.3,-,-,-,-,-,-,-,-,-,-,-,-,-,-,-,-,-,-
180,Mozambique,Tropical Cyclone Idai in Mozambique,MOZ003,-,-,-,3.4,3.4,3.4,3.4,-,-,-,-,-,-,-,-,-,-,-,-,-,-,-,-,-,-
181,Mozambique,Cabo Delgado Islamist Insurgency,MOZ004,Increasing,-,-,x,x,x,x,x,x,x,x,x,x,x,2.2,2,2,2.5,2.6,2.8,2.9,2.9,2.9,-,-
182,Mozambique,Tropical Cyclone Kenneth in Mozambique,MOZ005,-,-,-,-,2.7,2.8,2.8,-,-,-,-,-,-,-,-,-,-,-,-,-,-,-,-,-,-
183,Mozambique,Food Security Crisis in Mozambique,MOZ006,Decreasing,-,-,-,-,-,-,-,-,-,-,-,-,3.2,3.2,3.2,3.2,3.2,3.2,3.2,3.3,2.8,2.8,-,-
184,Mauritania,Complex situation in Mauritania,MRT001,-,-,2.9,2.9,2.9,-,-,-,-,-,-,-,-,-,-,-,-,-,-,-,-,-,-,-,-
185,Mauritania,Refugees from Mali in Mauritania,MRT002,Decreasing,-,2.3,2.3,2.3,2.2,2.2,2.2,2.2,2.2,2.2,2.2,1.5,2.2,2.2,2.2,2.3,2.3,2.3,2.3,2.3,2.2,2.2,-,-
186,Mauritania,Food Security in Mauritania,MRT003,Increasing,-,3,3,3,2.7,2.8,2.9,2.9,2.9,2.9,2.8,2.8,2.8,2.8,2.8,2.8,2.8,2.8,2.8,3,2.9,2.9,-,-
187,Mauritius,,MUS001,-,-,-,-,-,-,-,-,-,-,-,-,-,-,-,-,-,-,-,-,-,-,-,-,-
188,Malawi,,MWI001,-,-,-,-,-,-,-,-,-,-,-,-,-,-,-,-,-,-,-,-,-,-,-,-,-
189,Malawi,Complex crisis in Malawi,MWI002,Decreasing,-,-,-,3,3.1,3.1,3.1,2.7,2.6,2.5,2.5,2.5,2.6,2.7,2.7,2.7,2.6,2.7,2.7,2.6,2.6,2.7,-,-
190,Malawi,Tropical Cyclone Idai in Malawi,MWI003,-,-,-,-,-,2.7,2.6,2.6,-,-,-,-,-,-,-,-,-,-,-,-,-,-,-,-,-
191,Malaysia,,MYS001,-,-,-,-,-,-,-,-,-,-,-,-,-,-,-,-,-,-,-,-,-,-,-,-,-
192,Namibia,,NAM001,-,-,-,-,-,-,-,-,-,-,-,-,-,-,-,-,-,-,-,-,-,-,-,-,-
193,Namibia,Food Security Crisis in Namibia,NAM002,Decreasing,-,-,-,-,-,-,-,-,-,-,-,-,2.2,2.2,2.1,2.1,2.1,2.1,2.1,2.1,2,2,-,-
194,Niger,Multiple crises in Niger,NER001,Increasing,-,3.1,3.2,3.5,3.5,3.5,3.5,3.5,3.5,3.6,3.6,3.6,3.6,3.6,3.6,3.6,3.6,3.6,3.7,3.7,3.7,3.8,-,-
195,Niger,Boko Haram in Niger,NER002,Stable,-,3.1,3.2,3.2,3.2,3.3,3.3,3.3,3.3,3.4,3.4,3.4,3.4,3.4,3.4,3.4,3.4,3.4,3.5,3.5,3.4,3.4,-,-
196,Niger,Mali/Burkina Faso conflict,NER003,Stable,-,2.4,2.6,3,3,3,3,3,3,3.1,3.1,3.1,3.1,3.1,3.2,3.2,3.2,3.2,3.3,3.2,3.2,3.2,-,-
197,Niger,Nigerian Refugees,NER004,Decreasing,-,-,-,-,-,-,-,-,-,-,-,2.5,2.6,2.6,2.5,2.5,2.5,2.7,2.6,2.6,2.5,2.5,-,-
198,Niger,Floods in Niger,NER005,-,-,-,-,-,-,-,-,-,-,-,-,-,-,-,-,-,-,-,-,-,2.9,2.9,-,-
199,Nigeria,Complex crisis in Nigeria,NGA001,Stable,3.5,3.5,4,4.1,3.8,3.8,4.1,4.1,4.1,4.1,4.1,4.1,4,3.4,3.7,4.2,4.2,4.2,4.2,4.2,4.2,4.2,-,-
200,Nigeria,Food insecurity in Nigeria,NGA002,-,3.6,3.6,3.5,3.6,3.6,-,-,-,-,-,-,-,-,-,-,-,-,-,-,-,-,-,-,-
201,Nigeria,Middle belt conflict,NGA003,-,2.1,2,2.7,2.8,2.8,2.8,2.8,2.8,2.8,x,x,x,x,x,x,x,x,x,x,x,x,x,-,-
202,Nigeria,Boko Haram crisis in Nigeria,NGA004,Stable,4,4,4,4.1,4.1,4.1,4.2,4.1,4.1,4.1,4.1,4.1,4,3.7,4,4,4.1,4.1,4.1,4.1,4.1,4,-,-
203,Nigeria,Cameroon Refugees in Nigeria,NGA005,-,1.5,1.5,1.9,-,-,-,-,-,-,-,-,-,-,-,-,-,-,-,-,-,-,-,-,-
204,Nigeria,Floods in Nigeria,NGA006,-,-,-,-,-,-,-,-,-,-,-,-,-,-,-,-,-,-,-,-,-,-,-,-,-
205,Nigeria,Northwest Banditry,NGA007,Decreasing,-,-,-,-,-,-,-,-,-,-,-,x,x,2.6,2.5,2.5,2.6,2.6,2.6,2.5,2.6,2.5,-,-
206,Nigeria,Cameroonian Refugees in Nigeria,NGA008,Decreasing,-,-,-,-,-,-,-,-,-,-,-,-,2.4,2.5,2.4,2.5,2.5,2.5,2.5,2.5,2.4,2.4,-,-
207,Nicaragua,Socioeconomic crisis in Nicaragua,NIC001,-,2.5,2.6,2.6,2.4,2.4,2.4,2.4,2.4,2.4,x,x,x,x,x,x,x,x,x,x,x,x,x,-,-
208,North Macedonia,,NMK001,-,-,-,-,-,-,-,-,-,-,-,-,-,-,-,-,-,-,-,-,-,-,-,-,-
209,Nepal,,NPL001,-,-,-,-,-,-,-,-,-,-,-,-,-,-,-,-,-,-,-,-,-,-,-,-,-
210,Nepal,Floods in Nepal,NPL002,-,-,-,-,-,-,-,1.6,1.6,1.6,-,-,-,-,-,-,-,-,-,-,-,-,-,-,-
211,Nepal,Floods in Nepal,NPL003,-,-,-,-,-,-,-,-,-,-,-,-,-,-,-,-,-,-,-,-,-,-,-,-,-
212,Oman,,OMN001,-,-,-,-,-,-,-,-,-,-,-,-,-,-,-,-,-,-,-,-,-,-,-,-,-
213,Pakistan,Complex crisis in Pakistan,PAK001,Stable,-,4.1,4.1,3.3,3.3,3.3,3.3,3.3,3.4,3.4,3.4,3.4,3.4,3.4,3.4,3.4,3.4,3.4,3.4,3.4,3.4,3.4,-,-
214,Pakistan,Drought in Pakistan,PAK002,-,-,3.4,3.4,-,-,-,-,-,-,-,-,-,-,-,-,-,-,-,-,-,-,-,-,-
215,Pakistan,Conflict in Pakistan,PAK003,-,-,4.1,4.1,3.3,-,-,-,-,-,-,-,-,-,-,-,-,-,-,-,-,-,-,-,-
216,Pakistan,Kashmir conflict in Pakistan,PAK004,-,-,x,x,x,x,x,x,x,x,x,x,x,x,x,x,x,x,x,x,x,x,x,-,-
217,Panama,,PAN001,-,-,-,-,-,-,-,-,-,-,-,-,-,-,-,-,-,-,-,-,-,-,-,-,-
218,Panama,Venezuela displacement in Panama,PAN002,-,-,-,-,-,-,-,-,-,-,-,-,-,-,-,-,-,-,-,-,-,-,-,-,-
219,Peru,,PER001,-,-,-,-,-,-,-,-,-,-,-,-,-,-,-,-,-,-,-,-,-,-,-,-,-
220,Peru,Venezuela displacement in Peru,PER002,Stable,-,1.5,1.5,2.6,2.6,2.6,2.6,2.6,2.6,2.6,2.3,2.3,2.6,2.6,2.6,2.6,2.6,2.6,2.6,2.6,2.6,2.6,-,-
221,Philippines,Multiple crises in the Philippines,PHL001,Decreasing,-,-,-,-,-,-,-,-,-,-,-,2.7,3.4,3.4,2.7,2.4,2.5,2.5,2.5,2.5,2.4,2.4,-,-
222,Philippines,Flooding in Davao Oriental,PHL002,-,-,-,-,-,-,-,-,-,-,-,-,-,-,-,-,-,-,-,-,-,-,-,-,-
223,Philippines,Mindanao conflict,PHL003,Stable,-,-,1.1,1.8,2,1.8,2.2,2.2,2.1,2.1,2.2,2.2,2.4,2.4,2.4,2.2,2.2,2.2,2.2,2.2,2.2,2.2,-,-
224,Philippines,Mindanao Earthquake,PHL004,Decreasing,-,-,-,-,-,-,-,-,-,-,-,2.1,2.1,2.1,2.1,2.1,2.1,2.1,2.1,2,1.8,1.8,-,-
225,Philippines,Typhoon Tisoy,PHL005,-,-,-,-,-,-,-,-,-,-,-,-,1.8,1.7,1.7,-,-,-,-,-,-,-,-,-,-
226,Philippines,Typhoon Phanfone,PHL006,-,-,-,-,-,-,-,-,-,-,-,-,-,3.1,3.1,2.1,-,-,-,-,-,-,-,-,-
227,Philippines,Taal Volcano in Philippines,PHL007,-,-,-,-,-,-,-,-,-,-,-,-,-,2,2,1.5,-,-,-,-,-,-,-,-,-
228,Philippines,Typhoon Ambo Philippines,PHL008,-,-,-,-,-,-,-,-,-,-,-,-,-,-,-,-,-,x,x,x,x,-,-,-,-
229,Palau,,PLW001,-,-,-,-,-,-,-,-,-,-,-,-,-,-,-,-,-,-,-,-,-,-,-,-,-
230,Papua New Guinea,,PNG001,-,-,-,-,-,-,-,-,-,-,-,-,-,-,-,-,-,-,-,-,-,-,-,-,-
231,Papua New Guinea,Complex crisis in PNG,PNG002,-,-,x,x,x,x,x,x,x,x,x,x,x,-,-,-,-,-,-,-,-,-,-,-,-
232,Papua New Guinea,Floods in Papua New Guinea,PNG003,-,-,-,-,-,-,-,-,-,-,-,-,-,-,-,-,-,-,-,-,-,-,-,-,-
233,DPRK,Complex crisis in DPRK,PRK001,Stable,3.6,3.6,3.6,3.9,3.9,3.9,3.9,3.9,3.9,4.1,4.1,4.1,4.1,4.1,4.1,4.1,4.1,4.1,4.1,4.1,4.1,4.1,-,-
234,Paraguay,,PRY001,-,-,-,-,-,-,-,-,-,-,-,-,-,-,-,-,-,-,-,-,-,-,-,-,-
235,Palestine,,PSE001,-,-,-,-,-,-,-,-,-,-,-,-,-,-,-,-,-,-,-,-,-,-,-,-,-
236,Palestine,Conflict in Palestine,PSE002,Increasing,-,-,-,3.8,3.8,3.8,3.8,3.8,3.8,3.8,3.8,3.8,3.8,3.8,3.8,3.8,3.8,3.7,3.7,3.9,3.9,3.9,-,-
237,French Polynisia,,PYF001,-,-,-,-,-,-,-,-,-,-,-,-,-,-,-,-,-,-,-,-,-,-,-,-,-
238,Qatar,,QAT001,-,-,-,-,-,-,-,-,-,-,-,-,-,-,-,-,-,-,-,-,-,-,-,-,-
239,"Nigeria, Niger, Chad, Cameroon",Regional Boko Haram Crisis,REG001,Stable,-,-,4.2,4.2,4.2,4.2,-,4.2,4.2,4.3,4.3,4.3,4.3,4.3,4.3,4.3,4.1,4.1,4.1,4.1,4.1,4.1,-,-
240,"Venezuela, Brazil, Colombia, Ecuador, Peru, Trinidad and Tobago",Venezuela Regional Crisis,REG002,Stable,-,-,-,3.7,3.7,3.7,-,3.7,3.7,3.6,3.6,3.6,3.5,3.5,3.6,3.6,3.6,3.6,3.6,3.6,3.6,3.6,-,-
241,"India, Pakistan",Regional Kashmir conflict,REG003,-,-,-,-,x,x,x,-,x,x,x,x,x,x,x,x,x,x,x,x,x,x,x,-,-
242,"Syria, Turkey, Iraq, Egypt, Jordan, Lebanon",Syrian Regional Crisis,REG004,Stable,-,-,-,-,4.1,4.2,-,4.2,4.2,4.2,4.2,4.2,4.2,4.2,4.2,4.2,4.2,4.2,4.2,4.2,4.2,4.2,-,-
243,"Eritrea, Djibouti, Ethiopia, Somalia, Yemen",Red Sea Regional Crisis ,REG005,-,-,-,-,-,-,-,-,-,-,-,-,-,-,-,-,-,-,-,-,-,-,-,-,-
244,"Turkey, Greece",Eastern Mediterranean Route ,REG006,-,-,-,-,-,x,x,x,x,x,x,x,x,x,x,x,x,x,x,x,x,x,x,-,-
245,"Algeria, Tunisia, Libya, Italy",Central Mediterranean Route,REG007,-,-,-,-,x,x,x,x,x,x,x,x,x,x,x,x,x,x,x,x,x,x,x,-,-
246,"Algeria, Morocco, Spain",Western Mediterranean Route,REG008,-,-,-,-,x,x,x,x,x,x,x,x,x,x,x,x,x,x,x,x,x,x,x,-,-
247,"Palestine, Lebanon, Jordan",Palestinian Regional Crisis,REG009,-,-,-,-,-,-,-,-,-,-,-,-,-,-,-,-,-,-,-,-,-,-,-,-,-
248,"DRC, Uganda, Rwanda, Angola, Burundi, DRC, Uganda, Rwanda, Angola, Burundi",DRC Regional Crisis,REG010,-,-,-,-,-,-,-,-,-,-,-,-,-,-,-,-,-,-,-,-,-,-,-,-,-
249,"Bangladesh, Myanmar",Rohingya Regional Crisis,REG011,Decreasing,-,-,-,3.5,3.5,3.5,-,3.5,3.5,3.7,3.7,3.7,3.7,3.7,3.7,3.7,3.7,3.7,3.7,3.7,3.6,3.6,-,-
250,"Lesotho,Madagascar,Malawi,Mozambique,Namibia,Eswatini,Tanzania,Zambia,Zimbabwe",Southern Africa Regional Food Security Crisis,REG012,Stable,-,-,-,-,-,-,-,-,-,-,-,-,-,3.6,3.5,3.5,3.5,3.4,3.5,3.5,3.5,3.5,-,-
251,"Armenia, Azerbaijan",Nagorno-Karabakh Conflict,REG013,-,-,-,-,-,-,-,-,-,-,-,-,-,-,-,-,-,-,-,-,-,-,x,-,-
252,Kosovo,,RKS001,-,-,-,-,-,-,-,-,-,-,-,-,-,-,-,-,-,-,-,-,-,-,-,-,-
253,Romania,,ROU001,-,-,-,-,-,-,-,-,-,-,-,-,-,-,-,-,-,-,-,-,-,-,-,-,-
254,Rwanda,,RWA001,-,-,-,-,-,-,-,-,-,-,-,-,-,-,-,-,-,-,-,-,-,-,-,-,-
255,Rwanda,Burundi and DRC refugees in Rwanda,RWA002,Increasing,-,1.4,1.4,1.6,1.6,1.6,1.6,1.6,1.6,2.3,2.3,2.3,2.3,2.2,2,2,1.9,1.9,1.9,2,1.9,2,-,-
256,Saudi Arabia,,SAU001,-,-,-,-,-,-,-,-,-,-,-,-,-,-,-,-,-,-,-,-,-,-,-,-,-
257,Sudan,Complex crisis in Sudan,SDN001,Stable,-,3.9,3.9,4,3.9,4,4,4,4,4.1,4.1,4.1,4.6,4.6,4.6,4.6,4.6,4.6,4.6,4.6,4.6,4.6,-,-
258,Sudan,Conflict and food security in Sudan,SDN002,-,-,-,-,-,-,-,-,-,-,-,-,-,-,-,-,-,-,-,-,-,-,-,-,-
259,Sudan,Eritrean refugees in Sudan,SDN003,-,-,2.1,2.1,2.7,2.7,2.7,2.8,2.7,2.7,2.7,2.7,2.7,-,-,-,-,-,-,-,-,-,-,-,-
260,Sudan,South Sudanese refugees in Sudan,SDN004,-,-,2.6,2.6,3.5,3.5,3.5,3.5,3.4,3.4,3.4,3.4,3.4,-,-,-,-,-,-,-,-,-,-,-,-
261,Sudan,Refugees in Sudan,SDN005,Stable,-,-,-,-,-,-,-,-,-,-,-,-,3.7,3.7,3.8,3.8,3.8,3.8,3.8,3.8,3.8,3.8,-,-
262,Sudan,Floods in Sudan ,SDN006,-,-,-,-,-,-,-,-,-,-,-,-,-,-,-,-,-,-,-,-,2.5,2.6,2.6,-,-
263,Senegal,,SEN001,-,-,-,-,-,-,-,-,-,-,-,-,-,-,-,-,-,-,-,-,-,-,-,-,-
264,Senegal,Drought in Senegal,SEN002,Decreasing,-,-,-,2.5,2.5,2.5,2.5,2.5,2.5,2.6,2.6,2.6,2.6,2.6,2.6,2.6,2.6,2.4,2.4,2.4,2.4,2.4,-,-
265,Solomon Islands,,SLB001,-,-,-,-,-,-,-,-,-,-,-,-,-,-,-,-,-,-,-,-,-,-,-,-,-
266,Sierra Leone,,SLE001,-,-,-,-,-,-,-,-,-,-,-,-,-,-,-,-,-,-,-,-,-,-,-,-,-
267,El Salvador,Complex crisis in El Salvador,SLV001,Increasing,-,2.8,2.8,3,3,3,3,3,2.6,2.6,2.7,2.7,2.7,2.7,2.7,2.7,2.7,2.7,2.7,2.7,3,3,-,-
268,Somalia,Complex crisis in Somalia,SOM001,Decreasing,-,-,-,4.1,4.3,4.3,4.3,4.3,4.3,4.2,4.2,4.2,4.7,4.7,4.7,4.7,4.7,4.7,4.7,4.7,4.6,4.6,-,-
269,Somalia,Mixed Migration Flows in Somalia,SOM002,Decreasing,-,-,-,2.1,2.1,2.1,2.1,2.1,2.1,2,2,2,2,2,2,2,2,2,2,2,1.9,1.9,-,-
270,Somalia,Floods in Somalia,SOM003,-,-,-,-,-,-,-,-,-,-,-,3.2,3.1,3.1,3.1,3.1,-,-,-,-,-,-,-,-,-
271,Somalia,Floods in Somalia,SOM004,Increasing,-,-,-,-,-,-,-,-,-,-,-,-,-,-,-,2.4,2.4,2.4,3.3,3.1,3,3,-,-
272,Serbia,,SRB001,-,-,-,-,-,-,-,-,-,-,-,-,-,-,-,-,-,-,-,-,-,-,-,-,-
273,South Sudan,Complex crisis in South Sudan,SSD001,Increasing,-,4.3,4.3,4.3,4.3,4.3,4.3,4.3,4.3,4.3,4.3,4.3,4.3,4.3,4.3,4.3,4.3,4.3,4.4,4.4,4.4,4.4,-,-
274,South Sudan,Floods in South Sudan,SSD002,-,-,-,-,-,-,-,-,-,-,-,3.1,3.1,3.1,3.1,3.1,-,-,-,-,-,-,-,-,-
275,Sao Tome and Principe,,STP001,-,-,-,-,-,-,-,-,-,-,-,-,-,-,-,-,-,-,-,-,-,-,-,-,-
276,Suriname,,SUR001,-,-,-,-,-,-,-,-,-,-,-,-,-,-,-,-,-,-,-,-,-,-,-,-,-
277,Eswatini,Food Security Crisis in Eswatini,SWZ001,-,-,-,-,-,-,-,-,-,-,-,-,-,-,-,-,-,-,-,-,-,-,2.6,-,-
278,Seychelles,,SYC001,-,-,-,-,-,-,-,-,-,-,-,-,-,-,-,-,-,-,-,-,-,-,-,-,-
279,Syria,Syrian conflict,SYR001,Stable,4.9,4.9,4.8,4.8,4.8,4.9,4.9,4.9,4.9,4.8,4.9,4.9,4.9,4.9,4.9,4.9,4.9,4.9,4.9,4.9,4.9,4.9,-,-
280,Chad,Complex crisis in Chad,TCD001,Stable,-,-,-,4,4,4,4,4,4,4.1,4.1,4,4.1,4.1,4.1,4.1,4.1,4.1,4.1,4.1,4.1,4.2,-,-
281,Chad,Drought in Chad,TCD002,-,-,-,-,3,3,-,-,-,-,-,-,-,-,-,-,-,-,-,-,-,-,-,-,-
282,Chad,Boko Haram in Chad,TCD003,Stable,-,-,-,3.4,3.4,3.4,3.4,3.4,3.4,3.5,3.5,3.5,3.5,3.5,3.7,3.7,3.7,3.7,3.7,3.7,3.7,3.7,-,-
283,Chad,CAR refugees in Chad,TCD004,Stable,-,-,-,3.1,3.1,3.1,3.1,3.1,3.1,3.1,3.1,3.1,3.1,3.1,3.3,3.3,3.3,3.3,3.3,3.3,3.3,3.4,-,-
284,Chad,Darfur refugees in Chad,TCD005,Decreasing,-,-,-,3.3,3.3,3.3,3.3,3.3,3.3,3.3,3.3,3.3,3.3,3.3,3.3,3.4,3.4,3.4,3.2,3.2,3.2,3.2,-,-
285,Chad,Tibesti Conflict in Chad,TCD006,Decreasing,-,-,x,x,x,x,x,x,x,x,x,x,x,x,x,x,x,x,2.7,2.7,2.6,2.5,-,-
286,Chad,Floods in Chad,TCD007,-,-,-,-,-,-,-,-,-,-,-,2.4,2.6,2.6,2.6,2.6,-,-,-,-,-,-,-,-,-
287,Chad,Floods in Chad,TCD008,-,-,-,-,-,-,-,-,-,-,-,-,-,-,-,-,-,-,-,-,-,2.8,2.6,-,-
288,Togo,,TGO001,-,-,-,-,-,-,-,-,-,-,-,-,-,-,-,-,-,-,-,-,-,-,-,-,-
289,Thailand,Multiple situations in Thailand,THA001,Stable,-,x,x,x,x,x,x,x,x,x,x,x,2.8,2.8,2.1,2.1,2.1,2.1,2.1,2.1,2.1,2.1,-,-
290,Thailand,Conflict in southern Thailand ,THA002,-,-,x,x,x,x,x,x,x,x,x,x,x,x,x,x,x,x,x,x,x,x,x,-,-
291,Thailand,Myanmar refugees in Thailand,THA003,Increasing,-,1.2,1.2,1.4,1.4,1.4,1.4,1.4,1.4,1.4,2.1,2.1,2.1,2.1,2.1,2.1,2.1,2.1,2.1,2.1,2.2,2.2,-,-
292,Tajikistan,,TJK001,-,-,-,-,-,-,-,-,-,-,-,-,-,-,-,-,-,-,-,-,-,-,-,-,-
293,Tokelau,,TKL001,-,-,-,-,-,-,-,-,-,-,-,-,-,-,-,-,-,-,-,-,-,-,-,-,-
294,Turkmenistan,,TKM001,-,-,-,-,-,-,-,-,-,-,-,-,-,-,-,-,-,-,-,-,-,-,-,-,-
295,Timor Leste,,TLS001,-,-,-,-,-,-,-,-,-,-,-,-,-,-,-,-,-,-,-,-,-,-,-,-,-
296,Tonga,,TON001,-,-,-,-,-,-,-,-,-,-,-,-,-,-,-,-,-,-,-,-,-,-,-,-,-
297,Trinidad and Tobago,,TTO001,-,-,-,-,-,-,-,-,-,-,-,-,-,-,-,-,-,-,-,-,-,-,-,-,-
298,Trinidad and Tobago,Venezuelan refugees in Trinidad and Tobago,TTO002,Stable,-,0.9,0.9,1.4,1.4,1.4,1.4,1.4,1.4,1.4,1.7,1.5,1.5,1.5,1.5,1.5,1.5,1.5,1.5,1.5,1.5,1.5,-,-
299,Tunisia,,TUN001,-,-,-,-,-,-,-,-,-,-,-,-,-,-,-,-,-,-,-,-,-,-,-,-,-
300,Tunisia,Mixed migration flows in Tunisia,TUN002,-,-,x,x,x,x,x,x,x,x,x,x,x,x,x,x,x,x,x,x,x,x,x,-,-
301,Turkey,Complex situation in Turkey,TUR001,Stable,-,-,-,3.6,3.6,3.6,3.5,3.5,3.5,3.5,3.5,3.5,3.2,3.2,3.2,3.2,3.2,3.2,3.2,3.2,3.2,3.2,-,-
302,Turkey,Syrian Refugees in Turkey,TUR002,Stable,-,-,-,3.3,3.3,3.3,3.3,3.3,3.3,3.3,3.3,3.3,3.3,3.3,3.3,3.3,3.2,3.2,3.2,3.2,3.2,3.3,-,-
303,Turkey,Mixed Migration Flows in Turkey,TUR003,Stable,-,-,-,3.3,3.3,3.3,3.2,3.3,3.3,3.2,3.2,3.2,3.1,3.1,3.1,3.1,3.1,3.1,3.1,3.1,3.1,3.2,-,-
304,Turkey,Kurdish Conflict,TUR004,-,-,-,x,x,x,x,x,x,x,x,x,x,x,x,x,x,x,x,x,x,x,x,-,-
305,Tuvalu,,TUV001,-,-,-,-,-,-,-,-,-,-,-,-,-,-,-,-,-,-,-,-,-,-,-,-,-
306,Tanzania,,TZA001,-,-,-,-,-,-,-,-,-,-,-,-,-,-,-,-,-,-,-,-,-,-,-,-,-
307,Tanzania,International Displacement in Tanzania,TZA002,Increasing,-,-,-,2.2,2.2,2.1,1.8,1.8,1.9,1.8,1.8,1.8,1.8,1.9,1.8,1.8,1.8,1.8,1.8,2.5,1.7,1.7,-,-
308,Uganda,Multiple crises in Uganda,UGA001,Stable,-,2.9,2.9,3.1,3.1,3,2.9,2.9,2.9,2.9,-,-,-,-,-,-,2.9,2.9,2.9,2.9,2.9,2.9,-,-
309,Uganda,South Sudanese refugees in Uganda,UGA002,-,-,2.8,2.8,2.6,2.6,2.5,2.5,2.5,2.5,2.5,-,-,-,-,-,-,-,-,-,-,-,-,-,-
310,Uganda,DRC refugees in Uganda,UGA003,-,-,2.3,2.3,2.4,2.4,2.3,2.3,2.3,1.6,1.6,-,-,-,-,-,-,-,-,-,-,-,-,-,-
311,Uganda,Drought in Uganda,UGA004,-,-,2,2.2,2.4,2.4,2.3,2.3,2.3,2.3,2.3,-,-,-,-,-,-,-,-,-,-,-,-,-,-
312,Uganda,International Displacement in Uganda,UGA005,Stable,-,-,-,-,-,-,-,-,-,-,3,2.8,3,3,3,3,2.9,2.9,2.9,2.9,2.9,2.9,-,-
313,Uganda,Floods and Landslides in Uganda,UGA006,-,-,-,-,-,-,-,-,-,-,-,-,-,-,-,-,-,x,x,x,x,x,x,-,-
314,Ukraine,,UKR001,-,-,-,-,-,-,-,-,-,-,-,-,-,-,-,-,-,-,-,-,-,-,-,-,-
315,Ukraine,Conflict in Ukraine,UKR002,Stable,-,3.3,3.3,3.6,3.6,3.6,3.6,3.6,3.5,3.5,3.5,3.5,3.5,3.5,3.5,3.5,3.5,3.5,3.5,3.5,3.5,3.5,-,-
316,Uruguay,,URY001,-,-,-,-,-,-,-,-,-,-,-,-,-,-,-,-,-,-,-,-,-,-,-,-,-
317,Uzbekistan,,UZB001,-,-,-,-,-,-,-,-,-,-,-,-,-,-,-,-,-,-,-,-,-,-,-,-,-
318,St. Vincent and the Grenadines,,VCT001,-,-,-,-,-,-,-,-,-,-,-,-,-,-,-,-,-,-,-,-,-,-,-,-,-
319,Venezuela,Complex crisis in Venezuela,VEN001,Stable,4.2,4.2,4.2,3.9,3.9,4,4,4,4,4,4,4,4.1,4.1,4.1,4.1,4.1,4.1,4.1,4.1,4.1,4.1,-,-
320,Vietnam,,VNM001,-,-,-,-,-,-,-,-,-,-,-,-,-,-,-,-,-,-,-,-,-,-,-,-,-
321,Vietnam,Floods in central Vietnam,VNM002,-,-,-,-,-,-,-,-,-,-,-,-,-,-,-,-,-,-,-,-,-,-,2.4,-,-
322,Vanuatu,,VUT001,-,-,-,-,-,-,-,-,-,-,-,-,-,-,-,-,-,-,-,-,-,-,-,-,-
323,Vanuatu,Cyclone Harold in Vanuatu,VUT002,Stable,-,-,-,-,-,-,-,-,-,-,-,-,-,-,-,1.9,2,2,2,2,2,2,-,-
324,Samoa,,WSM001,-,-,-,-,-,-,-,-,-,-,-,-,-,-,-,-,-,-,-,-,-,-,-,-,-
325,Yemen,Conflict in Yemen,YEM001,Decreasing,-,-,-,4.7,4.7,4.7,4.7,4.7,4.7,4.7,4.7,4.7,4.7,4.7,4.7,4.7,4.7,4.7,4.7,4.7,4.6,4.6,-,-
326,Yemen,Mixed migration flows in Yemen,YEM002,Decreasing,-,-,-,3,3,3,3,2.9,2.9,3,3,3,3,2.9,2.9,2.9,3.1,2.9,2.9,2.9,2.9,2.9,-,-
327,South Africa,,ZAF001,-,-,-,-,-,-,-,-,-,-,-,-,-,-,-,-,-,-,-,-,-,-,-,-,-
328,Zambia,,ZMB001,-,-,-,-,-,-,-,-,-,-,-,-,-,-,-,-,-,-,-,-,-,-,-,-,-
329,Zambia,Drought in Zambia,ZMB002,Stable,-,2.7,2.7,2.7,2.7,2.7,2.7,2.7,2.7,2.7,2.7,2.7,2.7,2.9,2.7,2.7,2.7,2.8,2.8,2.8,2.8,2.7,-,-
330,Zimbabwe,Complex crisis in Zimbabwe,ZWE001,Decreasing,-,3.6,3.8,3.9,3.9,3.9,3.9,3.9,3.7,3.7,3.7,3.7,3.9,3.7,3.9,3.7,3.7,3.7,3.7,3.7,3.7,3.5,-,-
331,Zimbabwe,Tropical Cyclone Idai in Zimbabwe,ZWE002,-,-,-,2.7,3.2,3.2,3.2,-,-,-,-,-,-,-,-,-,-,-,-,-,-,-,-,-,-
332,Zimbabwe,Malaria Outbreak in Zimbabwe,ZWE003,Stable,-,-,-,-,-,-,-,-,-,-,-,-,-,-,-,-,-,2.6,2.6,2.6,2.6,2.6,-,-
